lluvia en A - cnt necesitada en A - represa1 - escasez1 - lluvia en B - cnt necesitada en B - represa2 - escasez2
     3                4                 0         1           5                 5                0         0
     5                5                 0         0           3                 4                0         1
     5                4                 1         0           4                 4                0         0
     6                4                 3         0           4                 4                0         0
     5                4                 4         0           5                 3                2         0
     3                4                 3         0           3                 5                0         0
     3                3                 3         0           5                 5                0         0
     5                5                 3         0           4                 3                1         0
     4                4                 3         0           3                 3                1         0
     6                5                 4         0           5                 5                1         0
     6                4                 3         0           3                 5                0         1
     5                3                 5         0           4                 4                0         0
     4                6                 3         0           5                 4                1         0
     5                4                 4         0           4                 3                2         0
     4                4                 4         0           4                 4                2         0
     6                6                 4         0           4                 5                1         0
     5                5                 4         0           3                 4                0         0
     5                6                 3         0           4                 5                0         1
     3                6                 0         0           4                 5                0         1
     3                6                 0         3           3                 5                0         2
     5                4                 1         0           4                 4                0         0
     5                5                 1         0           4                 5                0         1
     4                4                 1         0           4                 4                0         0
     6                5                 2         0           4                 5                0         1
     3                4                 1         0           4                 4                0         0
     6                6                 1         0           5                 4                1         0
     5                6                 0         0           4                 4                1         0
     4                5                 0         1           5                 5                1         0
     5                5                 0         0           4                 5                0         0
     6                4                 2         0           3                 5                0         2
     4                4                 2         0           4                 3                1         0
     4                3                 3         0           3                 4                0         0
     5                4                 3         0           3                 4                0         1
     3                5                 1         0           3                 4                0         1
     5                4                 2         0           4                 5                0         1
     5                6                 1         0           4                 4                0         0
     5                4                 2         0           3                 3                0         0
     3                5                 0         0           5                 4                1         0
     4                5                 0         1           5                 4                2         0
     4                4                 0         0           4                 5                1         0
     5                5                 0         0           3                 5                0         1
     6                5                 1         0           4                 4                0         0
     3                4                 0         0           4                 4                0         0
     4                4                 0         0           4                 4                0         0
     5                4                 1         0           3                 5                0         2
     3                4                 0         0           3                 3                0         0
     6                5                 1         0           4                 3                1         0
     4                5                 0         0           4                 5                0         0
     5                6                 0         1           4                 5                0         1
     6                4                 2         0           3                 5                0         2
     4                3                 3         0           4                 4                0         0
     6                5                 4         0           5                 3                2         0
     3                5                 2         0           4                 5                1         0
     4                4                 2         0           4                 3                2         0
     4                6                 0         0           3                 4                1         0
     5                4                 1         0           4                 4                1         0
     3                5                 0         1           4                 4                1         0
     5                5                 0         0           4                 3                2         0
     4                3                 1         0           5                 5                2         0
     5                4                 2         0           5                 4                3         0
     3                5                 0         0           4                 3                4         0
     3                4                 0         1           4                 4                4         0
     4                3                 1         0           5                 3                4         0
     3                4                 0         0           4                 4                4         0
     4                5                 0         1           3                 4                3         0
     4                3                 1         0           4                 4                3         0
     5                5                 1         0           3                 3                3         0
     5                5                 1         0           5                 4                4         0
     3                5                 0         1           5                 4                4         0
     4                4                 0         0           4                 4                4         0
     5                4                 1         0           4                 5                3         0
     4                5                 0         0           3                 5                1         0
     5                5                 0         0           4                 5                0         0
     5                4                 1         0           5                 4                1         0
     5                5                 1         0           4                 5                0         0
     5                5                 1         0           3                 4                0         1
     3                4                 0         0           4                 4                0         0
     4                4                 0         0           4                 4                0         0
     5                4                 1         0           4                 3                1         0
     4                6                 0         1           4                 4                1         0
     4                4                 0         0           4                 5                0         0
     5                5                 0         0           3                 4                0         1
     5                4                 1         0           4                 4                0         0
     5                4                 2         0           4                 3                1         0
     6                6                 2         0           4                 4                1         0
     3                5                 0         0           5                 4                2         0
     3                5                 0         2           5                 3                4         0
     5                5                 0         0           4                 5                3         0
     4                3                 1         0           4                 3                4         0
     5                5                 1         0           5                 4                4         0
     4                4                 1         0           3                 4                3         0
     5                5                 1         0           5                 3                4         0
     4                4                 1         0           4                 5                3         0
     5                5                 1         0           3                 5                1         0
     5                5                 1         0           5                 4                2         0
     5                4                 2         0           3                 5                0         0
     4                6                 0         0           4                 4                0         0
     3                5                 0         2           4                 4                0         0
     5                5                 0         0           4                 5                0         1
     5                5                 0         0           4                 4                0         0
     3                4                 0         1           4                 4                0         0
     5                6                 0         1           3                 4                0         1
     3                3                 0         0           4                 5                0         1
     5                4                 1         0           4                 4                0         0
     5                4                 2         0           3                 5                0         2
     6                4                 4         0           4                 4                0         0
     4                6                 2         0           4                 4                0         0
     5                3                 4         0           5                 4                1         0
     3                6                 1         0           4                 4                1         0
     5                5                 1         0           3                 3                1         0
     4                4                 1         0           5                 4                2         0
     6                4                 3         0           5                 4                3         0
     4                5                 2         0           4                 3                4         0
     4                3                 3         0           3                 5                2         0
     4                5                 2         0           5                 3                4         0
     5                4                 3         0           4                 3                4         0
     6                4                 5         0           5                 4                4         0
     5                5                 5         0           3                 4                3         0
     4                4                 5         0           4                 5                2         0
     4                5                 4         0           4                 3                3         0
     5                4                 5         0           4                 3                4         0
     5                5                 5         0           3                 4                3         0
     5                5                 5         0           4                 3                4         0
     5                3                 6         0           4                 4                4         0
     4                5                 5         0           4                 5                3         0
     4                6                 3         0           4                 5                2         0
     5                5                 3         0           4                 3                3         0
     6                5                 4         0           5                 4                4         0
     3                5                 2         0           4                 3                4         0
     4                3                 3         0           4                 5                3         0
     5                4                 4         0           3                 4                2         0
     5                5                 4         0           4                 5                1         0
     6                5                 5         0           3                 3                1         0
     5                5                 5         0           4                 3                2         0
     5                6                 4         0           3                 5                0         0
     4                4                 4         0           5                 5                0         0
     5                5                 4         0           4                 4                0         0
     5                4                 5         0           4                 4                0         0
     5                4                 6         0           4                 4                0         0
     3                5                 4         0           4                 3                1         0
     6                4                 6         0           4                 4                1         0
     5                5                 6         0           5                 4                2         0
     6                4                 6         0           5                 3                4         0
     5                5                 6         0           4                 3                4         0
     5                4                 6         0           4                 4                4         0
     5                5                 6         0           5                 5                4         0
     4                3                 6         0           4                 4                4         0
     4                5                 5         0           4                 4                4         0
     4                6                 3         0           4                 5                3         0
     3                4                 2         0           4                 4                3         0
     4                4                 2         0           3                 4                2         0
     5                4                 3         0           3                 4                1         0
     4                3                 4         0           4                 4                1         0
     3                5                 2         0           4                 3                2         0
     3                4                 1         0           5                 5                2         0
     4                5                 0         0           5                 3                4         0
     3                4                 0         1           5                 5                4         0
     5                4                 1         0           4                 4                4         0
     5                5                 1         0           4                 5                3         0
     4                3                 2         0           4                 3                4         0
     4                4                 2         0           3                 4                3         0
     5                5                 2         0           3                 4                2         0
     6                5                 3         0           4                 5                1         0
     5                6                 2         0           4                 5                0         0
     6                4                 4         0           3                 3                0         0
     3                5                 2         0           4                 3                1         0
     5                6                 1         0           5                 3                3         0
     4                4                 1         0           4                 4                3         0
     3                4                 0         0           4                 5                2         0
     4                5                 0         1           5                 5                2         0
     5                6                 0         1           5                 5                2         0
     3                4                 0         1           4                 4                2         0
     3                4                 0         1           4                 4                2         0
     5                4                 1         0           5                 5                2         0
     3                4                 0         0           4                 4                2         0
     4                3                 1         0           4                 3                3         0
     4                3                 2         0           4                 4                3         0
     4                4                 2         0           5                 5                3         0
     4                5                 1         0           3                 3                3         0
     5                5                 1         0           4                 3                4         0
     5                5                 1         0           4                 4                4         0
     5                4                 2         0           3                 3                4         0
     5                5                 2         0           4                 5                3         0
     3                4                 1         0           3                 5                1         0
     4                5                 0         0           4                 5                0         0
     5                3                 2         0           3                 4                0         1
     5                5                 2         0           4                 5                0         1
     3                4                 1         0           4                 3                1         0
     3                3                 1         0           5                 4                2         0
     4                5                 0         0           4                 4                2         0
     3                5                 0         2           4                 3                3         0
     6                5                 1         0           3                 4                2         0
     4                6                 0         1           4                 4                2         0
     4                5                 0         1           5                 3                4         0
     5                4                 1         0           4                 4                4         0
     4                4                 1         0           5                 3                4         0
     5                3                 3         0           4                 4                4         0
     5                5                 3         0           5                 4                4         0
     4                4                 3         0           4                 5                3         0
     6                4                 5         0           5                 5                3         0
